100

0 1 7 12 16 25 28 34 36 45 51 59 67 70 75 83 92 99 100
1 11 18 21 22 26 31 41 49 51 58 62 72 80 83 85 87 95 100
2 9 18 25 31 35 45 54 61 63 70 76 78 87 95 100
3 12 13 18 27 35 36 42 47 54 59 62 64 65 67 69 72 78 80 83 88 94 98 100
4 11 18 25 32 35 45 50 57 58 65 66 70 73 80 81 86 88 93 100
5 11 14 18 27 36 45 50 55 58 61 71 80 88 97 100
6 15 21 29 36 38 46 49 56 64 70 79 82 91 100
7 14 24 34 35 44 54 61 65 74 77 85 94 98 100
8 11 12 17 20 30 38 43 46 49 59 68 78 85 88 95 100
9 19 29 36 40 47 51 52 53 63 69 79 87 93 100
10 19 20 28 31 37 46 50 52 59 67 76 80 88 96 100
11 14 18 25 32 34 44 49 56 64 67 77 79 82 85 91 92 99 100
12 20 24 25 26 36 43 52 56 64 68 78 83 89 98 100
13 22 28 33 38 44 45 55 56 58 67 74 82 87 91 97 100
14 23 27 35 36 44 54 56 63 67 68 74 80 90 92 100
15 23 27 32 37 42 45 52 53 62 67 76 81 89 96 100
16 21 26 32 42 46 47 48 55 61 69 76 84 93 100
17 20 27 35 37 45 51 53 54 64 73 74 79 81 87 89 93 100
18 19 28 36 44 47 50 55 63 66 72 81 90 95 100
19 25 27 36 44 47 52 56 64 66 69 76 80 86 88 93 100
20 25 31 35 44 52 53 55 58 62 66 76 85 88 98 100
21 27 34 38 45 54 55 61 69 70 73 74 82 92 93 96 98 100
22 29 31 32 41 42 49 54 61 64 69 77 86 87 92 98 100
23 24 30 37 38 40 49 55 56 64 66 75 78 88 93 100
24 29 31 41 50 56 63 73 81 85 94 100
25 27 31 36 40 45 47 54 58 62 63 64 66 73 81 85 87 96 97 99 100
26 35 39 47 54 61 68 72 79 84 90 95 96 100
27 33 38 42 48 54 62 64 71 77 81 83 85 95 100
28 32 34 43 53 55 65 73 76 82 89 90 96 99 100
29 35 44 50 54 55 62 64 70 78 87 88 98 100
30 33 38 47 51 54 63 68 76 80 85 93 98 100
31 34 38 39 48 56 57 67 68 77 83 93 98 100
32 42 49 51 52 59 68 78 87 96 98 99 100
33 37 46 55 59 62 71 79 83 91 100
34 44 52 61 70 76 85 95 96 98 99 100
35 45 48 52 55 57 63 73 74 83 88 89 96 99 100
36 39 42 49 58 63 64 70 72 74 83 86 96 98 100
37 41 51 53 57 65 69 78 88 93 99 100
38 43 45 48 50 53 59 60 63 69 77 79 81 83 91 96 100
39 49 56 61 70 71 75 85 87 97 100
40 45 48 49 51 58 62 71 73 83 91 93 100
41 45 54 61 70 78 86 91 97 100
42 45 53 57 66 69 74 78 83 92 96 98 100
43 46 51 58 59 65 72 74 81 83 85 91 100
44 49 56 59 65 72 75 79 88 96 100
45 55 63 65 71 78 82 92 100
46 56 58 59 67 74 84 88 98 100
47 56 58 65 74 83 90 95 100
48 49 55 63 68 74 80 82 86 89 98 100
49 56 58 61 70 76 84 86 94 100
50 53 57 58 68 69 76 79 82 87 97 100
51 58 66 76 82 83 85 88 90 100
52 55 62 63 70 77 83 86 91 94 95 100
53 54 60 65 73 75 84 88 90 94 100
54 62 67 71 77 86 93 94 98 100
55 59 67 76 82 85 91 93 97 100
56 63 68 75 84 92 100
57 66 70 72 77 87 94 99 100
58 66 70 73 81 86 87 90 98 100
59 68 75 78 86 93 96 100
60 66 74 80 81 84 94 97 100
61 65 69 75 77 79 87 97 100
62 70 73 82 87 97 100
63 68 72 75 79 86 91 100
64 65 71 76 77 86 90 91 95 96 100
65 74 78 80 90 93 100
66 67 73 76 78 86 88 94 100
67 71 80 89 95 97 100
68 76 85 93 100
69 72 77 85 88 95 98 99 100
70 71 81 90 95 100
71 74 76 85 93 100
72 76 81 82 91 96 100
73 77 83 89 97 100
74 78 81 82 85 87 94 100
75 85 91 98 100
76 80 89 95 96 100
77 84 91 100
78 83 92 99 100
79 88 97 100
80 85 91 92 94 100
81 85 86 96 100
82 89 99 100
83 91 97 98 100
84 90 100
85 88 93 94 100
86 91 92 100
87 89 96 97 100
88 98 100
89 96 100
90 91 100
91 98 99 100
92 98 100
93 100
94 97 100
95 100
96 100
97 100
98 100
99 100
100